633
206
208
142
37
23
205
138
101
246
197
60
31
146
5
99
25
45
133
180
252
120
246
192
96
60
146
190
43
53
128
189
70
43
239
244
157
137
144
184
60
144
10
22
14
86
149
184
78
60
211
153
58
209
195
197
13
130
11
135
117
43
190
4
160
237
42
123
211
185
192
66
80
200
214
206
101
82
57
251
6
244
32
39
42
56
118
127
25
23
43
235
94
13
69
102
156
171
26
181
135
91
73
20
241
231
54
166
12
255
68
8
243
206
197
135
53
42
97
230
252
50
15
162
116
114
102
96
233
43
210
123
211
79
247
124
38
192
50
142
96
181
252
125
101
62
58
154
225
78
145
